1.429800957
1.952112109
3.181092908
4.346461849
5.780880973
6.803790128
8.156086018
9.27462966
10.67220658
11.69373307
13.24244384
14.74997652
16.48321888
17.78674468
18.82299658
19.88886428
21.25235055
22.12111126
22.84160963
23.17508142
23.11983681
23.10139258
22.78555651
22.14037214
21.61430488
20.45934567
19.43358199
18.35985836
16.75509364
14.90807296
14.03624586
12.96266526
11.46550481
9.546404812
8.812724274
7.472598423
6.166211591
5.157370015
4.047880525
2.833847303
1.876402573