0.03042129695
0.0415343002
0.06768282783
0.09247791168
0.1229974675
0.1447614921
0.1735337451
0.197332546
0.227068225
0.2488028312
0.2817541242
0.3138292877
0.3507067847
0.3784413763
0.400489289
0.4231673251
0.4521776714
0.4706619418
0.4859916942
0.4930868388
0.4919114215
0.4915189911
0.4847990748
0.4710717476
0.4598788273
0.435305227
0.413480468
0.3906352842
0.356491354
0.3171930417
0.2986435289
0.2758013884
0.2439469108
0.203114996
0.1875047718
0.1589914558
0.1311959913
0.1097312769
0.08612511755
0.06029462347
0.039923459