0.06122374428
0.08358898631
0.1362136581
0.186114485
0.2475359782
0.2913367101
0.3492417055
0.397137484
0.4569814023
0.5007229289
0.5670383639
0.6315905625
0.7058075971
0.7616242687
0.8059963339
0.8516365408
0.9100207057
0.9472208371
0.9780724095
0.9923515941
0.9899860327
0.9891962551
0.9756722282
0.9480455833
0.9255195059
0.876064421
0.8321414591
0.7861648629
0.717449211
0.6383602153
0.6010287816
0.5550583101
0.4909502481
0.4087748328
0.3773588028
0.3199749257
0.2640357456
0.220837384
0.1733293022
0.1213446821
0.08034712156