2.053152895
3.797235725
3.902979441
3.864762188
6.067195123
7.321526466
8.138954383
9.200435141
10.20568785
12.70798137
13.00159839
13.96105087
14.7095141
15.57765303
18.36857589
18.45380267
19.28316734
19.9872733
20.51086309
21.2221978
21.14211375
21.26212671
21.34176042
21.00123184
20.73705488
20.2821489
19.49315358
18.17127075
17.63353271
16.21526103
14.79575392
14.67776587
12.80439386
11.80848015
10.23887716
9.948979259
8.56546907
8.055153393
6.466459428
4.090784861
3.585854785
2.609761801