0.04368410415
0.08079224947
0.08304211576
0.08222898272
0.1290892579
0.1557771588
0.1731692422
0.1957539392
0.2171422946
0.2703825823
0.2766297529
0.2970436356
0.312968385
0.3314394262
0.3908207636
0.3926340993
0.4102801563
0.4252611341
0.4364013423
0.4515361234
0.4498322074
0.4523856747
0.454080009
0.44683472
0.4412139337
0.431535083
0.4147479485
0.3866227819
0.375181547
0.3450055539
0.314803275
0.3122928908
0.2724339119
0.2512442586
0.2178484503
0.2116804098
0.1822440228
0.1713862424
0.1375842432
0.08703797577
0.07629478266
0.05552684683