0.09509784182
0.1758801905
0.1807780231
0.1790078781
0.281020066
0.3391181277
0.3769797166
0.4261453337
0.4727065826
0.5886076994
0.602207439
0.6466473153
0.6813146006
0.7215250201
0.8507948572
0.8547423873
0.8931568624
0.9257696101
0.9500212178
0.9829687863
0.9792594568
0.9848182118
0.9885066824
0.9727340951
0.960497959
0.9394276444
0.9028829953
0.8416560868
0.8167491609
0.7510577184
0.685309053
0.6798440876
0.5930733287
0.5469446433
0.4742438439
0.4608163659
0.3967350043
0.3730982262
0.2995131718
0.189476786
0.1660894578
0.1208788276