-1.794604659
-1.705938421
-1.617272183
-1.528605945
-1.439939707
-1.351273469
-1.262607231
-1.173940993
-1.085274755
-0.9966085164
-0.9079422783
-0.8192760402
-0.7306098021
-0.6419435639
-0.5532773258
-0.4646110877
-0.3759448496
-0.2872786115
-0.1986123734
-0.1099461353
-0.02127989715
0.06738634097
0.1560525791
0.2447188172
0.3333850553
0.4220512934
0.5107175315
0.5993837696
0.6880500078
0.7767162459
0.865382484
0.9540487221
1.04271496
1.131381198
1.220047436
1.308713675
1.397379913
1.486046151
1.574712389
1.663378627
1.752044865