-4.497777778
-4.275555556
-4.053333333
-3.831111111
-3.608888889
-3.386666667
-3.164444444
-2.942222222
-2.72
-2.497777778
-2.275555556
-2.053333333
-1.831111111
-1.608888889
-1.386666667
-1.164444444
-0.9422222222
-0.72
-0.4977777778
-0.2755555556
-0.05333333333
0.1688888889
0.3911111111
0.6133333333
0.8355555556
1.057777778
1.28
1.502222222
1.724444444
1.946666667
2.168888889
2.391111111
2.613333333
2.835555556
3.057777778
3.28
3.502222222
3.724444444
3.946666667
4.168888889
4.391111111