-4.678666667
-4.456444444
-4.234222222
-4.012
-3.789777778
-3.567555556
-3.345333333
-3.123111111
-2.900888889
-2.678666667
-2.456444444
-2.234222222
-2.012
-1.789777778
-1.567555556
-1.345333333
-1.123111111
-0.9008888889
-0.6786666667
-0.4564444444
-0.2342222222
-0.012
0.2102222222
0.4324444444
0.6546666667
0.8768888889
1.099111111
1.321333333
1.543555556
1.765777778
1.988
2.210222222
2.432444444
2.654666667
2.876888889
3.099111111
3.321333333
3.543555556
3.765777778
3.988
4.210222222
4.432444444