-1.676307251
-1.596687832
-1.517068413
-1.437448994
-1.357829575
-1.278210155
-1.198590736
-1.118971317
-1.039351898
-0.9597324788
-0.8801130596
-0.8004936404
-0.7208742212
-0.641254802
-0.5616353829
-0.4820159637
-0.4023965445
-0.3227771253
-0.2431577062
-0.163538287
-0.08391886781
-0.004299448636
0.07531997054
0.1549393897
0.2345588089
0.3141782281
0.3937976472
0.4734170664
0.5530364856
0.6326559048
0.712275324
0.7918947431
0.8715141623
0.9511335815
1.030753001
1.11037242
1.189991839
1.269611258
1.349230677
1.428850097
1.508469516
1.588088935